2022-03-15
==================================================================================================
60 (16,6,1)(0,5)
  42 bits, 41x vk12 = 
[
 (19, 19), (18, 36), (15, 47), (14, 38), (13, 57), (13, 46), (13, 44), (13, 27), (12, 32), (12, 12), 
 (12, 8),  (12, 7),  (10, 54), (10, 31), (10, 26), (10, 25), (10, 21), (10, 17), (10, 10), (10, 4), 
 (9, 53),  (9, 45),  (9, 43),  (9, 30),  (9, 23),  (9, 13),  (9, 11),  (9, 2),   (8, 24),  (7, 50), 
 (7, 35),  (6, 56),  (6, 28),  (5, 51),  (5, 29),  (5, 20),  (4, 59),  (4, 39),  (4, 9),   (2, 15), 
 (1,14),   (1,5)
]
----------------------------------
57 (58, 14, 5)(1)
    45 bits, 48x vk12 = 
[
 (16, 36), (16, 22), (16, 19), (13, 34), (12, 47), (12, 46), (12, 38), (12, 27), (11, 42), (11, 32), 
 (11, 18), (11, 7),  (10, 44), (10, 12), (9, 57),  (9, 31),  (9, 26),  (9, 21),  (9, 10),  (9, 4), 
 (8, 52),  (8, 30),  (8, 25),  (8, 11),  (8, 8),   (7, 53),  (7, 48),  (7, 45),  (7, 23),  (7, 17), 
 (7, 13),  (7, 2),   (6, 50),  (6, 40),  (6, 0),   (5, 41),  (4, 51),  (4, 20),  (3, 59),  (3, 35),
 (3, 29),  (3, 28),  (2, 39),  (2, 3),   (1, 55)
----------------------------------
54 (55, 15, 3) (7)
    39 bits, 39x vk12 = 
[
 (13, 36), (12, 34), (12, 22), (12, 19), (11, 38), (11, 33), (10, 46), (10, 18), (9, 47),  (9, 42), 
 (8, 54),  (8, 31),  (8, 21),  (8, 10),  (8, 4),   (7, 57),  (7, 26),  (7, 12),  (7, 11),  (6, 49), 
 (6, 43),  (6, 25),  (6, 24),  (6, 17),  (6, 13),  (6, 8),   (6, 2),   (5, 53),  (5, 7),   (4, 56), 
 (4, 40),  (4, 30),  (3, 52),  (2, 51),  (2, 37),  (2, 35),  (2, 28),  (1, 20),  (1, 9)
----------------------------------
51 (39, 20, 9) (0)
    38 bits, 33x vk12 = 
[
 (10, 38), (10, 19), (9, 46),  (9, 44),  (9, 36),  (9, 33),  (9, 32),  (8, 42),  (8, 27),  (7, 21), 
 (6, 54),  (6, 48),  (6, 45),  (6, 26),  (6, 11),  (6, 4),   (5, 43),  (5, 31),  (5, 23),  (5, 17), 
 (5, 12),  (5, 10),  (5, 8),   (4, 57),  (4, 47),  (4, 13),  (4, 2),   (4, 0),   (3, 53),  (3, 7), 
 (1, 59),  (1, 52),  (1, 51),  (1, 49),  (1, 37),  (1, 35),  (1, 29),  (1, 28)]
----------------------------------
48 (52, 51, 35) (0)
    28 bits, 24x vk12 = 
[
 (8, 34),  (8, 32),  (8, 22),  (8, 19),  (8, 18),  (7, 46),  (7, 44),  (7, 42),  (7, 33),  (7, 27), 
 (6, 38),  (6, 36),  (5, 48),  (5, 21),  (5, 11),  (4, 54),  (4, 50),  (4, 31),  (4, 24),  (4, 10), 
 (3, 57),  (3, 56),  (3, 23),  (3, 13),  (3, 4),   (3, 0),   (2, 40),  (2, 17)
----------------------------------
45 (49, 29, 28) (1)
    22 bits, 19x vk12 = 
[
 (7, 22),  (6, 34),  (6, 19),  (6, 18),  (5, 36),  (5, 27),  (4, 48),  (4, 44),  (4, 32),  (4, 11), 
 (3, 50),  (3, 47),  (3, 12),  (2, 54),  (2, 31),  (2, 30),  (2, 21),  (2, 13),  (2, 10),  (2, 0), 
 (1, 53),  (1, 23)]
----------------------------------
42 (31, 17, 0) (6)
    21 bits, 15x vk12 = 
[
 (6, 33),  (5, 26),  (5, 25),  (5, 22),  (5, 19),  (4, 43),  (4, 42),  (4, 38),  (3, 45),  (3, 44), 
 (3, 27),  (3, 24),  (2, 57),  (2, 56),  (2, 48),  (2, 8),   (2, 4),   (2, 2),   (1, 40),  (1, 21), 
 (1, 10)]
----------------------------------
39 (40, 23, 7) (3)
    15 bits, 12x vk12 = 
[
 (5, 46),  (5, 33),  (4, 19),  (3, 43),  (3, 42),  (3, 38),  (3, 34),  (3, 32),  (3, 26),  (3, 25), 
 (3, 18),  (3, 11),  (2, 50),  (1, 48),  (1, 2)
----------------------------------
36 (30, 21, 10) (0)
    17 bits, 9x vk12 = 
[
 (3, 22),  (2, 47),  (2, 46),  (2, 43),  (2, 41),  (2, 33),  (2, 26),  (2, 24),  (2, 19),  (2, 18), 
 (2, 11),  (1, 42),  (1, 38),  (1, 34),  (1,13),   (1, 12),  (1, 8)
----------------------------------
33 (56, 37, 12) (4)
    7 bits, 4x vk12 = 
[(2, 22),  (1, 44),  (1, 32),  (1, 26),  (1, 19),  (1, 18),  (1, 4)]
----------------------------------
30 (59, 42, 8) (1)
    5 bits, 3x vk12 = 
[(2, 25),  (1, 54),  (1, 50),  (1, 45),  (1, 24)]
----------------------------------
27 (53, 32, 2) (0)
    6 bits, 3x vk12 = 
[(1, 47),  (1, 46),  (1, 43),  (1, 33),  (1, 25),  (1, 11)]
----------------------------------
24 (46, 44, 36) (6)
    2 bits, 1x vk12 = 
[(1, 27), (1, 22)]
----------------------
21 (54, 50, 11) (1)
---------------------
