paths of tx and sh
##################################################################################
nov60-tx(16,59)(6,58)(1,57)
hsat 16:*, 6:*, 1:*
   0: 0    0    0   covered by C0141 
   1: 0    0    1
   2: 0    1    0 
   3: 0    1    1
   4: 1    0    0 
   5: 1    0    1   covered by C0234
   6: 1    1    0 
   7: 1    1    1 
sh:[1, 6, 16]
tail-sh:
-----------------------------------------------------------------------------
 0  1   2  3  4  5  6   7  8  9  10  11  12  13  14  15  16  17  18  19  20  
[0, 57, 2, 3, 4, 5, 58, 7, 8, 9, 10, 11, 12, 13, 14, 15, 59, 17, 18, 19, 20]

 21  22  23  24  25  26  27  28  29  30  31  32  33  34  35  36  37  38  39  40
[21, 22, 23, 24, 25, 26, 27, 28, 29, 30, 31, 32, 33, 34, 35, 36, 37, 38, 39, 40]

 41  42  43  44  45  46  47  48  49  50  51  52  53  54  55  56  -> 57  58  59
[41, 42, 43, 44, 45, 46, 47, 48, 49, 50, 51, 52, 53, 54, 55, 56] sh[ 1,  6, 16]
===============================================================================
nov57-tx(14,56)(6,55)(5,54), vk12: 48, vk3: 174
hsat 14:*,58:*, 5:*
   0: 0    0    0
   1: 0    0    1   covered by C0149{14:0,6:0, 5:1} > {56:0, 55:0, 54:1}
   2: 0    1    0 
   3: 0    1    1
   4: 1    0    0 
   5: 1    0    1 
   6: 1    1    0 
   7: 1    1    1 
sh:[5, 58, 14]
tail-sh:
------------------------------------------------------------------------------
 0  1   2  3  4  5   6   7  8  9  10  11  12  13  14  15  16  17  18  19  20  
[0, 57, 2, 3, 4, 54, 55, 7, 8, 9, 10, 11, 12, 13, 56, 15, 59, 17, 18, 19, 20]

 21  22  23  24  25  26  27  28  29  30  31  32  33  34  35  36  37  38  39  40
[21, 22, 23, 24, 25, 26, 27, 28, 29, 30, 31, 32, 33, 34, 35, 36, 37, 38, 39, 40]

 41  42  43  44  45  46  47  48  49  50  51  52  53 ->  54  55  56
[41, 42, 43, 44, 56, 46, 47, 48, 49, 50, 51, 52, 53] sh[ 5, 58, 14]
===============================================================================
nov54-tx(15,53)(6,52)(3,51), vk12: 39, vk3:134 C0220{15:1, 6:1, 3:1}
hsat 15:* 55:* 3:*
   0:  0   0   0
   1:  0   0   1
   2:  0   1   0
   3:  0   1   1
   4:  1   0   0
   5:  1   0   1
   6:  1   1   0
   7:  1   1   1  covered by C0220{15:1,6:1,3:1}>{53:1, 52:1, 51:1}
sh:[3,55,15]
tail-sh:
------------------------------------------------------------------------------
 0  1   2  3   4  5   6   7  8  9  10  11  12  13  14  15  16  17  18  19  20  
[0, 57, 2, 51, 4, 54, 52, 7, 8, 9, 10, 11, 12, 13, 56, 53, 59, 17, 18, 19, 20]

 21  22  23  24  25  26  27  28  29  30  31  32  33  34  35  36  37  38  39  40
[21, 22, 23, 24, 25, 26, 27, 28, 29, 30, 31, 32, 33, 34, 35, 36, 37, 38, 39, 40]

 41  42  43  44  45  46  47  48  49  50  ->  51  52  53 
[41, 42, 43, 44, 56, 46, 47, 48, 49, 50] sh:[ 3, 55, 15]