57.0 + 60.4
============
56 55 54 53 52 51 50 49 48 47 46 45 44 43 42 41 40 39 38 37 36 35 34 33 32 31 30 29 28 27 26 25 24 23 22 21 20 19 18 17 16 15 14 13 12 11 10 09 08 07 06 05 04 03 02 01 00
51 22 21 53 52 56 50 49 48 47 46 45 44 43 42 41 40 39 38 37 36 35 34 33 32 31 30 29 28 27 26 25 24 23 55 54 20 19 18 17 59 15 14 13 12 11 10 09 08 07 58 05 04 03 02 57 00
         53 52 51 50 49 48 47 46 45 44 43 42 41 40 39 38 37 36 35 34 33 32 31 30 29 28 27 26 25 24 23 22 21 20 19 18 17 16 15 14 13 12 11 10 09 08 07 06 05 04 03 02 01 00
C006                                       0                       0
C017                                                                                                         1                                         0
C055                                                                     1                          1
C057            1                                                                                               1
C076                                                                                                                                                1     1
C093                                                                                                               0                                         0
C202                                                                                                                        0              0
C235         0                                                  0
C025                  1                                                                                1
C094                                                                        1                                               1
C104                                                                                          0                       0
C175                                                                                                                                 1                       1
C182                                                                                                                           0                                   0
C187                                 1                                                  0
C216                                                                              1                 0
C254                                                                  0                                1
C037                                                                           0                                                           0
C047                                                                                                                                 0           0
C053                  0                                            1
C127                                 1                          1
C222                           0                                                                                                                          0
C021                                                                                                0           0
C081                                                1                                                                       0 
C154                                                                                                                  0                          1
C208      1                                                                                                  0
C251                                                                              1                                               0
C265                                                            0                                                                          1
C032            1                                                                                                                                0 
C113                                                                                                            1           1
C120      0                                                                          0
C144                                                                                       0                                                                          1
C209                                 0                                                                                                                             1             
C232                                    1                       1
C245                                                0                                         0
C249                                                                              1                                                                                   1
C046                                                                                          1                                                     1
C049                                                                           1                                                                                      1
C189                                                                                                                                             1                 0