- cfg60-266.json has 8 sats: 
  solver4 uses 20+secs, solver8 uses 3 secs for 1 sat (a)
  solver8 uses 3+ secs finding one sat 
 0: 1034639552019849453, 
 1: 1034639552086958317, 
 2: 1034639552556720365,
 3: 1034639552623829229, 
 4: 1043646751274590445, 
 5: 1043646751341699309,
 6: 1043646751811461357, 
 7: 1043646751878570221
 ---------- or ----------
 0: 1110010110 1111000111 0011000011 0110001011 0110011000 0011101101
 1: 1110010110 1111000111 0011000011 0111001011 0110011000 0011101101
 2: 1110010110 1111000111 0011000011 1110001011 0110011000 0011101101
 3: 1110010110 1111000111 0011000011 1111001011 0110011000 0011101101
 4: 1110011110 1111000111 0011000011 0110001011 0110011000 0011101101
 5: 1110011110 1111000111 0011000011 0111001011 0110011000 0011101101
 6: 1110011110 1111000111 0011000011 1110001011 0110011000 0011101101
 7: 1110011110 1111000111 0011000011 1111001011 0110011000 0011101101
==========================================================================
satnode-60   59 58 57 -> [16 06 01]
satnode-57   56 55 54 -> [31 19 58]
satnode-54   53 52 51 -> [36 22 03]
satnode-51   50 49 48 -> [07 05 51]
satnode-48   47 46 45 -> [42 12 09]
satnode-45   44 43 42 -> [35 34 32]
satnode-42   41 40 39 -> [47 15 10]
satnode-39   38 37 36 -> [52 17 11]
satnode-36   35 34 33 -> [30 20 14]
satnode-33   32 31 30 -> [25 24 00]
satnode-30:  29 28 27 -> [39 45 49]
satnode-27 vkdic:{}
 26 25 24 23 22 21 20 19 18 17 16 15 14 13 12 11 10 09 08 07 06 05 04 03 02 01 00
[26 41 56 23 38 21 43 55 18 37 59 40 33 13 46 53 29 28 08 50 54 27 04 48 02 57 44]