Snode-60:     chvset: (123467)   avs                       touched: 41x
    C0141:{16:0 6:0 1:0},     C0234:{16:1 6:0 1:1}                         vk3: 266 - (41+2) = 223
------------------------------------------------------------------------
        02 04 05 07 08 09 10 11 12 13 14 15 17 19 20 21 23 24 25 26 27 28 29 30 31 32 35 36 38 39 43 44 45 46 47 50 51 53 54 56 57 59
C0021                                           0        0
C0022                                                    0                             0
C0032                0                                                                                                        1
C0046             1                                            1
C0049                                                                         1                                                  1
C0050       0                                                                                                                       0
C0051                1  0
C0054                         0                                                                    0
C0073                            1                          1
C0081                                     0                                                     1
C0095                                                                            0                       1
C0096                   0                                                                             1
C0112                                                                0                       1
C0113                                     1     1
C0118                                                                                  0                                      1
C0120                                                                   0                                               0
C0124                                        0                                               0
C0133                                                                               1                                            1
C0144                                                             0                                                              1
C0154                1                       0
C0176                                                                                              0     0
C0183                                        0                                            1
C0189    0           1
C0197          0                                                                                                 0
C0207                                                 0                 0
C0208                                              0                                                                    1
C0209    1                                                                                            0
C0212                                                       1
C0214                                                                                                          0     1
C0215                               1  0
C0232                                                                                  1           1
C0233                            1                                                                                         0
C0239                   0
C0243                                                                   0                             0
C0245                                                          0                                0
C0247                                           0                                                              0
C0249                                                                      1                                                     1
C0250                                                                                     0                                0
C0251                               0                                      1
C0257                                                                                                       0  0
C0265                      1                                                           0
        02 04 05 07 08 09 10 11 12 13 14 15 17 19 20 21 23 24 25 26 27 28 29 30 31 32 35 36 38 39 43 44 45 46 47 50 51 53 54 56 57 59
