vkm54.0 vk12m
  1  1  1  1  2  3  1  1  1  2  1  2  1  2  1  1  1  2  1  1  1  1  3  1  1  2  1  1  28bs
-------------------------------------------------------------------------------------------
 57 56 52 51 49 47 46 40 37 36 35 34 31 30 24 21 20 19 18 17 13 11 10 09 08 07 04 02   19x
                 1                 1                                                  C181
                 1                                                  1                 C231
              1  0                                                                    C011
                       0           0                                                  C153
     0                                                     0                          C219
           0                                                        0                 C202
  1                                                                 1                 C009
                   1                                                   0              C108
                                                                          1  1        C042
                                               1                             0        C238
                                      0  1                                            C005
                          0              1                                            C020
                                                  0  0                                C109
        0                                            0                                C162
              0             1                                                         C203
                               0                              0                       C206
                            1                           0                             C146
                                                                1                  1  C192
                                            1                                   0     C260
-------------------------------------------------------------------------------------------
 57 56 52 51 49 47 46 40 37 36 35 34 31 30 24 21 20 19 18 17 13 11 10 09 08 07 04 02
                                                                                      
bit 47 split:
=======================================================================================
bit(47)==0: 
  C181 and C231 are non-hit: removals
  C011 becomes vk1: {49:1}/sat: {49:0, 47:0}

 57 56 52 51 49 46 40 37 36 35 34 31 30 24 21 20 19 18 17 13 11 10 09 08 07 04 02   19x
              1                                                                    C011
                    0           0                                                  C153
     0                                                  0                          C219
           0                                                     0                 C202
  1                                                              1                 C009
                1                                                   0              C108
                                                                       1  1        C042
                                            1                             0        C238
                                   0  1                                            C005
                       0              1                                            C020
                                               0  0                                C109
        0                                         0                                C162
              0          1                                                         C203
                            0                              0                       C206
                         1                           0                             C146
                                                             1                  1  C192
                                         1                                   0     C260
-------------------------------------------------------------------------------------------
 57 56 52 51 49 47 46 40 37 36 35 34 31 30 24 21 20 19 18 17 13 11 10 09 08 07 04 02

  C011 {49:1} makes C203 {49:0, 36:1} => vk1 {36:1}, this removes C146:
  sat: {49:0, 47:0, 36:0, 18:2}

 57 56 52 51 49 46 40 37 36 35 34 31 30 24 21 20 19 18 17 13 11 10 09 08 07 04 02   19x
              1                                                                    C011
                    0           0                                                  C153
     0                                                  0                          C219
           0                                                     0                 C202
  1                                                              1                 C009
                1                                                   0              C108
                                                                       1  1        C042
                                            1                             0        C238
                                   0  1                                            C005
                       0              1                                            C020
                                               0  0                                C109
       0                                          0                                C162
                          1                                                        C203
                            0                              0                       C206
                                                             1                  1  C192
                                         1                                   0     C260
-------------------------------------------------------------------------------------------
  sat: {49:0, 47:0, 36:0, 18:2}
 57 56 52 51 46 40 37 35 34 31 30 24 21 20 19 17 13 11 10 09 08 07 04 02   15x, 24+4 bits
                                                                          C011
                 0        0                                               C153
     0                                         0                          C219
           0                                            0                 C202
  1                                                     1                 C009
             1                                             0              C108
                                                              1  1        C042
                                      1                          0        C238
                             0  1                                         C005
                    0           1                                         C020
                                         0  0                             C109
       0                                    0                             C162
                      0                           0                       C206
                                                    1                  1  C192
                                   1                                0     C260
-------------------------------------------------------------------------------------------


=====================================================================================================

bit(47)==1
 57 56 52 51 49 47 46 40 37 36 35 34 31 30 24 21 20 19 18 17 13 11 10 09 08 07 04 02   19x
                 1                 1                                                  C181
                 1                                                  1                 C231
              1  0                                                                    C011
                       0           0                                                  C153
     0                                                     0                          C219
           0                                                        0                 C202
  1                                                                 1                 C009
                   1                                                   0              C108
                                                                          1  1        C042
                                               1                             0        C238
                                      0  1                                            C005
                          0              1                                            C020
                                                  0  0                                C109
       0                                             0                                C162
              0             1                                                         C203
                               0                              0                       C206
                            1                           0                             C146
                                                                1                  1  C192
                                            1                                   0     C260
-------------------------------------------------------------------------------------------
 57 56 52 51 49 47 46 40 37 36 35 34 31 30 24 21 20 19 18 17 13 11 10 09 08 07 04 02

  C181 now {34:1}
  C231 now {10:1}
  C011 now removed

 57 56 52 51 49 47 46 40 37 36 35 34 31 30 24 21 20 19 18 17 13 11 10 09 08 07 04 02   19x
                                   1                                                  C181
                                                                    1                 C231
                       0           0                                                  C153
     0                                                     0                          C219
           0                                                        0                 C202
  1                                                                 1                 C009
                   1                                                   0              C108
                                                                          1  1        C042
                                               1                             0        C238
                                      0  1                                            C005
                          0              1                                            C020
                                                  0  0                                C109
       0                                             0                                C162
              0             1                                                         C203
                               0                              0                       C206
                            1                           0                             C146
                                                                1                  1  C192
                                            1                                   0     C260
-------------------------------------------------------------------------------------------
 57 56 52 51 49 47 46 40 37 36 35 34 31 30 24 21 20 19 18 17 13 11 10 09 08 07 04 02
 
 C181 makes C153 vk1 {40:0}, C231 removes C009->[57:2], and makes C202 vk1 {51:0}
 

 57 56 52 51 49 47 46 40 37 36 35 34 31 30 24 21 20 19 18 17 13 11 10 09 08 07 04 02   19x
                                   1                                                  C181
                                                                    1                 C231
                       0                                                              C153
     0                                                     0                          C219
           0                                                                          C202
                   1                                                   0              C108
                                                                          1  1        C042
                                               1                             0        C238
                                      0  1                                            C005
                          0              1                                            C020
                                                  0  0                                C109
       0                                             0                                C162
              0             1                                                         C203
                               0                              0                       C206
                            1                           0                             C146
                                                                1                  1  C192
                                            1                                   0     C260
-------------------------------------------------------------------------------------------
 57 56 52 51 49 47 46 40 37 36 35 34 31 30 24 21 20 19 18 17 13 11 10 09 08 07 04 02 

extract all vk1s: sat: {57:2, 47:1, 34:0, 10:0, 51:1, 40:1}

 56 52 49 46 37 36 35 31 30 24 21 20 19 18 17 13 11 09 08 07 04 02   19x
  0                                         0                       C219
          1                                          0              C108
                                                        1  1        C042
                                1                          0        C238
                       0  1                                         C005
              0           1                                         C020
                                   0  0                             C109
     0                                0                             C162
        0       1                                                   C203
                   0                           0                    C206
                1                        0                          C146
                                                 1               1  C192
                             1                                0     C260
-------------------------------------------------------------------------------------------
 57 56 52 51 49 47 46 40 37 36 35 34 31 30 24 21 20 19 18 17 13 11 10 09 08 07 04 02 
 
